0.091
0.05
0.0256125
0.511
0.03
0.03
0.04
0.04
0.4686
0.3
0.1684
0.41
0.3
0.34
0.355094
0.0707107
0.0046
0.41
0.096
0.41
0.4
0.01
0.114
0.00848
0.256
0.26
0.22
0.29
0.078
0.015
0.22
0.034
0.24
0.26
0.0507142
0.37
0.346
0.17
0.211
0.01
0.002
0.302
0.144
0.32
0.833
0.06
0.2
0.098
0.2113
0.058
0.526
0.08
0.099
0.157
0.2884
0.167
0.085
0.5
0.11
0.23
0.14
0.0539
0.102489
0.12
0.05
0.022
0.14
0.3
0.673
0.23873
0.32
0.64
0.05
0.61
0.44
0.61
0.144
0.22
0.5171
0.067
0.3
0.023
0.016
0.1528
0.27
0.45899
0.38
0.045
0.34
0.16
0.252
0.024
0.095
0.28
0.0186
0.444
0.301733
0.025
0.27
0.28
0.198
0.0138
0.08
0.15
0.047
0.25
0.12
0.036
0.228
0.128
0.048
0.14
0.85
0.369
0.29
0.4
0.52
0.04
0.01
0.31
0.023
0.05
0.0111
0.07
0.038
0.0102
0.016
0.19
0.12
0.934
0.11
0.7
0.06
0.425
0.38
0.14
0.16
0.055
0.23
0.142483
0.31
0.16
0.412
0.02
0.43
0.1249
0.124
0.016
0.0948683
0.59
0.019
0.28
0.4007
0.34
0.15
0.16
0.18
0.1
0.4805
0.4
0.057
0.4
0.074
0.24
0.125
0.517222
0.63
0.09
0.22
0.02
0.084
0.16
0.121
0.206
0.067
0.000521567
0.07
0.0666
0.338
0.17
0.02
0.1
0.41
0.04
0.1
0.681
0.032
0.421
0.049
0.15
0.376834
0.132575
0.38
0.13
0.22
0.27
0.27
0.066
0.21
0.095
0.6405
0.82
0.04
0.15
0.319
0.036
0.0252
0.087
0.203
0.028
0.09
0.31
0.51
0.054
0.21
0.15
0.36
0.36
0.725
0.131
0.0069
0.345
0.48
0.052
0.13
0.4
0.53
0.08
0.23
0.125
0.254
0.37
0.228
0.2
0.42
0.09
0.166
0.2
0.186815
0.21
0.046
0.253675
0.067
0.06
0.11
0.205
0.715
0.0036055
0.47
0.309
0.042
0.54
0.036
0.19
0.326
0.249
0.165251
0.193
0.08
0.18
0.064
0.119
0.402
0.117
0.35
0.24
0.013
0.2
0.12
0.0984886
0.041
0.52883
0.294
0.133
0.778
0.13
0.06
0.047
0.038
0.16
0.151
0.012
0.123
0.24
0.25
0.14
0.97
0.23747
0.41
0.0133
0.08
0.150841
0.011
0.106
0.6
0.063
0.082
0.0350051
0.04
0.041
0.441
0.041
0.09
0.1
0.14
0.035
0.15
0.051
0.519
0.048
0.03
0.12
0.102
0.114
0.277
0.107
0.25591
0.16
0.094434
0.019
0.044
0.126686
0.0985
0.19
0.08
0.02
0.245
0.086
0.08
0.055
0.33
0.098
0.24
0.41
0.27
0.08
0.129
0.177
0.31
0.163
0.61
0.117
0.14
0.193
0.54
0.207
0.243663
0.18
0.8191
0.66
0.11
0.022
0.75
0.17
0.05
0.63
0.06
0.013
0.15
0.32
0.09
0.19
0.05
0.396
0.0102736
0.53
0.155
0.49
0.18
0.1
0.34
0.252
0.07
0.077
0.19
0.12
0.7124
0.1276
0.13
0.266
0.08
0.013
0.14
0.289
0.042
0.19
0.432
0.099
0.13
0.46
0.013
0.15
0.172
0.596
0.37
0.31
0.33
0.267
0.112
0.229
0.35
0.0312556
0.063
0.07
0.077
0.81
0.476
0.05
0.012
0.004
0.287
0.13
0.39
0.07
0.48
0.065
0.02
0.03
0.52
0.16
0.19
0.144
0.03
0.8472
0.1
0.106
0.05
0.291
0.21
0.18
0.17
0.13
0.013
0.008
0.12
0.18
0.23
0.27
0.16
0.0324
0.26
0.2
0.12
0.089
0.1
0.3354
0.14
0.38
0.107
0.02
0.029
0.059
0.257
0.166
0.187
0.435
0.0143
0.123
0.319
0.273039
0.18
0.181
0.151
0.12
0.015
0.058
0.09
0.025
0.09
0.16
0.0038
0.223848
0.049
0.11
0.133
0.48
0.184
0.531
0.26
0.07
0.22
0.027
0.049
0.708
0.35
0.115
0.498
0.903
0.09
0.53
0.772
0.465
0.325
0.569
0.03
0.2
0.133933
0.27
0.33
0.37
0.255
0.021
0.373
0.137
0.1
0.067
0.143
0.06
0.054
0.25
0.12
0.098
0.0416
0.297
0.066
0.022
0.129
0.153155
0.168
0.000338541
0.562
0.71
0.83
0.013
0.35672
0.231
0.307
0.011
0.184
0.191
0.02
0.032
0.15
0.0974
0.009
0.24
0.075
0.039
0.025
0.3
0.6819
0.272
0.067
0.76
0.01
0.11
0.13
0.19
0.5134
0.034
0.295952
0.019
0.313105
0.6616
0.11
0.6767
0.07
0.27499
0.031
0.36
0.121
0.11
0.101
0.53
0.33
0.111
0.233
0.252086
0.11
0.0146
0.638
0.314
0.04
0.133
0.334
0.25
0.46
0.73
0.266
0.03
0.11
0.482
0.08
0.182
0.29
0.59
0.267395