229
41
47
474
30
113
740
59
1362
1311
4414
731
671
1309
238
53
704
167
267
1387
240
110
4584
1371
667
86
33
1074
1101
1380
353
520
861
999
1049
103
263
300
340
1093
300
124
1079
248
103
825
379
486
170
1854
218
378
548
189
586
649
264
594
1042
1788
886
110
64
481
1212
437
31
226
19
56
884
1443
543
1253
214
661
528
1015
266
962
183
908
325
667
216
1345
1077
1037
651
542
970
260
72
571
169
168
52
959
688
153
198
62
403
347
660
672
369
439
462
290
1964
1014
87
343
2535
795
1878
171
218
423
366
939
547
421
88
259
458
142
469
793
218
68
620
868
945
2420
76
221
404
600
250
8
228
1405
554
303
712
59
306
122
548
755
86
2474
1170
69
259
780
148
212
128
283
347
1325
67
343
868
77
1882
2334
1541
456
147
591
373
367
1561
607
642
880
1384
1366
820
823
24
1014
483
1190
96
53
1221
77
2639
200
74
576
850
1334
159
325