0 0.40638
2 0.23209
4 0.5578
6 0.383509
8 0.709219
10 0.534929
12 0.860639
14 0.686349
16 0.0120591
18 0.837769
20 0.163479
22 0.989189
24 0.314899
26 0.140609
28 0.466319
30 0.292029
32 0.617739
34 0.443449
36 0.769159
38 0.594868
40 0.920578
42 0.746288
44 0.0719983
46 0.897708
48 0.223418
50 0.0491281
52 0.374838
54 0.200548
56 0.526258
58 0.351968
60 0.677678
62 0.503388
64 0.829098
66 0.654808
68 0.980518
70 0.806227
72 0.131937
74 0.957647
76 0.283357
78 0.109067
80 0.434777
82 0.260487
84 0.586197
86 0.411907
88 0.737617
90 0.563327
92 0.889037
94 0.714747
96 0.0404566
98 0.866167
100 0.191877
