0 0.40638
2 0.723648
4 0.540916
6 0.858184
8 0.675452
10 0.992721
12 0.809989
14 0.127257
16 0.944525
18 0.261794
20 0.0790617
22 0.39633
24 0.213598
26 0.530866
28 0.348135
30 0.665403
32 0.482671
34 0.799939
36 0.617207
38 0.934476
40 0.751744
42 0.069012
44 0.88628
46 0.203548
48 0.0208166
50 0.338085
52 0.155353
54 0.472621
56 0.289889
58 0.607158
60 0.424426
62 0.741694
64 0.558962
66 0.876231
68 0.693499
70 0.0107669
72 0.828035
74 0.145303
76 0.962572
78 0.27984
80 0.097108
82 0.414376
84 0.231644
86 0.548913
88 0.366181
90 0.683449
92 0.500717
94 0.817985
96 0.635254
98 0.952522
100 0.76979
102 0.0870583
104 0.904326
106 0.221595
108 0.0388629
110 0.356131
112 0.173399
114 0.490668
116 0.307936
118 0.625204
120 0.442472
122 0.75974
124 0.577009
126 0.894277
128 0.711545
130 0.0288132
132 0.846081
134 0.16335
136 0.980618
138 0.297886
140 0.115154
142 0.432422
144 0.249691
146 0.566959
148 0.384227
150 0.701495
152 0.518763
154 0.836032
156 0.6533
158 0.970568
160 0.787836
162 0.105105
164 0.922373
166 0.239641
168 0.0569091
170 0.374177
172 0.191446
174 0.508714
176 0.325982
178 0.64325
180 0.460518
182 0.777787
184 0.595055
186 0.912323
188 0.729591
190 0.0468594
192 0.864128
194 0.181396
196 0.998664
198 0.315932
200 0.1332
202 0.450469
204 0.267737
206 0.585005
208 0.402273
210 0.719542
212 0.53681
214 0.854078
216 0.671346
218 0.988614
220 0.805883
222 0.123151
224 0.940419
226 0.257687
228 0.0749554
230 0.392224
232 0.209492
234 0.52676
236 0.344028
238 0.661296
240 0.478565
242 0.795833
244 0.613101
246 0.930369
248 0.747637
250 0.0649057
252 0.882174
254 0.199442
256 0.0167103
258 0.333979
260 0.151247
262 0.468515
264 0.285783
266 0.603051
268 0.42032
270 0.737588
272 0.554856
274 0.872124
276 0.689392
278 0.00666059
280 0.823929
282 0.141197
284 0.958465
286 0.275733
288 0.0930016
290 0.41027
292 0.227538
294 0.544806
296 0.362074
298 0.679343
300 0.496611
302 0.813879
304 0.631147
306 0.948416
308 0.765684
310 0.0829519
312 0.90022
314 0.217488
316 0.0347565
318 0.352025
320 0.169293
322 0.486561
324 0.303829
326 0.621098
328 0.438366
330 0.755634
332 0.572902
334 0.89017
336 0.707439
338 0.0247068
340 0.841975
342 0.159243
344 0.976511
346 0.29378
348 0.111048
350 0.428316
352 0.245584
354 0.562853
356 0.380121
358 0.697389
360 0.514657
362 0.831925
364 0.649194
366 0.966462
368 0.78373
370 0.100998
372 0.918266
374 0.235535
376 0.0528028
378 0.370071
380 0.187339
382 0.504607
384 0.321876
386 0.639144
388 0.456412
390 0.77368
392 0.590948
394 0.908217
396 0.725485
398 0.0427531
400 0.860021
402 0.177289
404 0.994558
406 0.311826
408 0.129094
410 0.446362
412 0.263631
414 0.580899
416 0.398167
418 0.715435
420 0.532703
422 0.849972
424 0.66724
426 0.984508
428 0.801776
430 0.119044
432 0.936313
434 0.253581
436 0.070849
438 0.388117
440 0.205385
442 0.522654
444 0.339922
446 0.65719
448 0.474458
450 0.791726
452 0.608995
454 0.926263
456 0.743531
458 0.0607993
460 0.878068
462 0.195336
464 0.012604
466 0.329872
468 0.14714
470 0.464409
472 0.281677
474 0.598945
476 0.416213
478 0.733481
480 0.55075
482 0.868018
484 0.685286
486 0.00255424
488 0.819822
490 0.137091
492 0.954359
494 0.271627
496 0.0888953
498 0.406163
500 0.223432
502 0.5407
504 0.357968
506 0.675236
508 0.492505
510 0.809773
512 0.627041
514 0.944309
516 0.761577
518 0.0788456
520 0.896114
522 0.213382
524 0.0306502
526 0.347918
528 0.165187
530 0.482455
532 0.299723
534 0.616991
536 0.434259
538 0.751528
540 0.568796
542 0.886064
544 0.703332
546 0.0206005
548 0.837869
550 0.155137
552 0.972405
554 0.289673
556 0.106942
558 0.42421
560 0.241478
562 0.558746
564 0.376014
566 0.693283
568 0.510551
570 0.827819
572 0.645087
574 0.962355
576 0.779624
578 0.0968918
580 0.91416
582 0.231428
584 0.0486964
586 0.365965
588 0.183233
590 0.500501
592 0.317769
594 0.635037
596 0.452306
598 0.769574
600 0.586842
602 0.90411
604 0.721379
606 0.0386467
608 0.855915
610 0.173183
612 0.990451
614 0.30772
616 0.124988
618 0.442256
620 0.259524
622 0.576792
624 0.394061
626 0.711329
628 0.528597
630 0.845865
632 0.663133
634 0.980402
636 0.79767
638 0.114938
640 0.932206
642 0.249474
644 0.0667427
646 0.384011
648 0.201279
650 0.518547
652 0.335816
654 0.653084
656 0.470352
658 0.78762
660 0.604888
662 0.922157
664 0.739425
666 0.056693
668 0.873961
670 0.191229
672 0.00849761
674 0.325766
676 0.143034
678 0.460302
680 0.27757
682 0.594839
684 0.412107
686 0.729375
688 0.546643
690 0.863911
692 0.68118
694 0.998448
696 0.815716
698 0.132984
700 0.950253
702 0.267521
704 0.0847889
706 0.402057
708 0.219325
710 0.536594
712 0.353862
714 0.67113
716 0.488398
718 0.805666
720 0.622935
722 0.940203
724 0.757471
726 0.0747392
728 0.892007
730 0.209276
732 0.0265439
734 0.343812
736 0.16108
738 0.478348
740 0.295617
742 0.612885
744 0.430153
746 0.747421
748 0.56469
750 0.881958
752 0.699226
754 0.0164941
756 0.833762
758 0.151031
760 0.968299
762 0.285567
764 0.102835
766 0.420103
768 0.237372
770 0.55464
772 0.371908
774 0.689176
776 0.506444
778 0.823713
780 0.640981
782 0.958249
784 0.775517
786 0.0927855
788 0.910054
790 0.227322
792 0.0445901
794 0.361858
796 0.179127
798 0.496395
800 0.313663
802 0.630931
804 0.448199
806 0.765468
808 0.582736
810 0.900004
812 0.717272
814 0.0345404
816 0.851809
818 0.169077
820 0.986345
822 0.303613
824 0.120881
826 0.43815
828 0.255418
830 0.572686
832 0.389954
834 0.707222
836 0.524491
838 0.841759
840 0.659027
842 0.976295
844 0.793564
846 0.110832
848 0.9281
850 0.245368
852 0.0626364
854 0.379905
856 0.197173
858 0.514441
860 0.331709
862 0.648977
864 0.466246
866 0.783514
868 0.600782
870 0.91805
872 0.735318
874 0.0525866
876 0.869855
878 0.187123
880 0.00439127
882 0.321659
884 0.138928
886 0.456196
888 0.273464
890 0.590732
892 0.408001
894 0.725269
896 0.542537
898 0.859805
900 0.677073
902 0.994342
904 0.81161
906 0.128878
908 0.946146
910 0.263414
912 0.0806826
914 0.397951
916 0.215219
918 0.532487
920 0.349755
922 0.667024
924 0.484292
926 0.80156
928 0.618828
930 0.936096
932 0.753365
934 0.0706329
936 0.887901
938 0.205169
940 0.0224375
942 0.339706
944 0.156974
946 0.474242
948 0.29151
950 0.608779
952 0.426047
954 0.743315
956 0.560583
958 0.877851
960 0.69512
962 0.0123878
964 0.829656
966 0.146924
968 0.964192
970 0.281461
972 0.0987288
974 0.415997
976 0.233265
978 0.550533
980 0.367802
982 0.68507
984 0.502338
986 0.819606
988 0.636875
990 0.954143
992 0.771411
994 0.0886791
996 0.905947
998 0.223216
1000 0.0404838
