0 0.602935
2 0.10225
4 0.894053
6 0.0808414
8 0.0622403
10 0.0410525
12 0.52007
14 0.448223
16 0.380726
18 0.950952
20 0.473575
22 0.156735
24 0.140015
26 0.538518
28 0.482756
30 0.0400565
32 0.983805
34 0.41218
36 0.173002
38 0.944327
40 0.970686
42 0.0443263
44 0.671803
46 0.457125
48 0.102514
50 0.442397
52 0.566878
54 0.0853646
56 0.286375
58 0.848817
60 0.31314
62 0.109835
64 0.43444
66 0.0448089
68 0.569198
70 0.118545
72 0.403217
74 0.248623
76 0.182977
78 0.569532
80 0.702148
82 0.287267
84 0.481914
86 0.433068
88 0.467462
90 0.502031
92 0.157799
94 0.562651
96 0.00970934
98 0.145914
100 0.776751
