0 0.602935
2 0.0259184
4 0.0638472
6 0.529233
8 0.491016
10 0.902383
12 0.229988
14 0.646731
16 0.0803696
18 0.346297
20 0.102674
22 0.69643
24 0.763675
26 0.707303
28 0.769262
30 0.791713
32 0.101295
34 0.0517405
36 0.27882
38 0.468392
40 0.183329
42 0.36402
44 0.437482
46 0.861886
48 0.139358
50 0.918432
52 0.260184
54 0.110681
56 0.812391
58 0.719978
60 0.962172
62 0.700033
64 0.965403
66 0.00384969
68 0.104969
70 0.817091
72 0.502029
74 0.902453
76 0.234577
78 0.820816
80 0.700179
82 0.439921
84 0.0931692
86 0.650568
88 0.785527
90 0.115793
92 0.977299
94 0.283535
96 0.617536
98 0.634921
100 0.0374432
102 0.376726
104 0.258067
106 0.647132
108 0.685618
110 0.482033
112 0.190982
114 0.779094
116 0.446043
118 0.897532
120 0.451282
122 0.527301
124 0.133615
126 0.112713
128 0.799846
130 0.731055
132 0.961791
134 0.0800505
136 0.794789
138 0.799906
140 0.312377
142 0.0683019
144 0.0635152
146 0.556462
148 0.402549
150 0.280593
152 0.568376
154 0.914703
156 0.141208
158 0.559827
160 0.548531
162 0.0646751
164 0.171678
166 0.926284
168 0.295454
170 0.670187
172 0.790938
174 0.0991482
176 0.997884
178 0.190351
180 0.162934
182 0.585909
184 0.941916
186 0.35693
188 0.615367
190 0.184591
192 0.110153
194 0.599083
196 0.992388
198 0.829214
200 0.488898
202 0.132183
204 0.202251
206 0.546134
208 0.519885
210 0.0638825
212 0.195634
214 0.908669
216 0.726779
218 0.453485
220 0.566629
222 0.374644
224 0.248051
226 0.938883
228 0.798274
230 0.328171
232 0.225875
234 0.498289
236 0.316269
238 0.120434
240 0.270336
242 0.167335
244 0.0609909
246 0.767636
248 0.432298
250 0.642834
252 0.172778
254 0.75037
256 0.0485875
258 0.284009
260 0.7929
262 0.87305
264 0.921543
266 0.838578
268 0.99174
270 0.928386
272 0.964374
274 0.234881
276 0.151486
278 0.051528
280 0.72192
282 0.353579
284 0.723915
286 0.972597
288 0.935589
290 0.609864
292 0.493729
294 0.268585
296 0.580661
298 0.13149
300 0.693521
302 0.540158
304 0.0707008
306 0.034626
308 0.679591
310 0.280365
312 0.0969437
314 0.227226
316 0.0932777
318 0.839253
320 0.854286
322 0.312317
324 0.00944576
326 0.593324
328 0.618938
330 0.525702
332 0.120452
334 0.0706587
336 0.653389
338 0.433865
340 0.383147
342 0.785895
344 0.405472
346 0.216595
348 0.93856
350 0.19753
352 0.781935
354 0.0456367
356 0.413291
358 0.0172361
360 0.318541
362 0.239953
364 0.448579
366 0.964298
368 0.561979
370 0.157369
372 0.948089
374 0.702855
376 0.795794
378 0.207584
380 0.378853
382 0.0757959
384 0.212633
386 0.9954
388 0.729091
390 0.744112
392 0.815544
394 0.381842
396 0.401435
398 0.387301
400 0.475863
402 0.892444
404 0.953489
406 0.158504
408 0.291992
410 0.960875
412 0.296118
414 0.309262
416 0.0771521
418 0.205028
420 0.763615
422 0.101185
424 0.509379
426 0.232405
428 0.638005
430 0.832693
432 0.261268
434 0.339553
436 0.674815
438 0.185817
440 0.444678
442 0.864517
444 0.690597
446 0.340325
448 0.159089
450 0.707438
452 0.429771
454 0.969902
456 0.0802153
458 0.313828
460 0.483597
462 0.422351
464 0.387542
466 0.932457
468 0.420386
470 0.99379
472 0.029529
474 0.252565
476 0.991665
478 0.36133
480 0.341916
482 0.664201
484 0.116633
486 0.623901
488 0.760347
490 0.173144
492 0.708258
494 0.831166
496 0.610096
498 0.928828
500 0.29815
502 0.0522114
504 0.781115
506 0.393984
508 0.126489
510 0.922577
512 0.755932
514 0.345804
516 0.0330153
518 0.18705
520 0.701061
522 0.0281599
524 0.39227
526 0.823217
528 0.883402
530 0.686495
532 0.9994
534 0.136979
536 0.546307
538 0.110337
540 0.55124
542 0.920981
544 0.201905
546 0.202015
548 0.55511
550 0.861782
552 0.18308
554 0.290594
556 0.721763
558 0.845212
560 0.218292
562 0.71262
564 0.0885194
566 0.0448385
568 0.888932
570 0.886175
572 0.70857
574 0.0891903
576 0.436457
578 0.843178
580 0.699753
582 0.438526
584 0.78623
586 0.3204
588 0.120541
590 0.0623979
592 0.858287
594 0.0145116
596 0.118508
598 0.584869
600 0.826746
602 0.120237
604 0.766293
606 0.714442
608 0.685193
610 0.450892
612 0.902878
614 0.863066
616 0.627518
618 0.118714
620 0.213545
622 0.488095
624 0.433639
626 0.459545
628 0.00727483
630 0.118083
632 0.0465203
634 0.391761
636 0.951124
638 0.204425
640 0.00363986
642 0.758523
644 0.783693
646 0.612202
648 0.930423
650 0.429311
652 0.258649
654 0.748176
656 0.776192
658 0.877807
660 0.404282
662 0.177559
664 0.827034
666 0.370928
668 0.609924
670 0.409711
672 0.0408581
674 0.496666
676 0.229576
678 0.733677
680 0.405872
682 0.197245
684 0.0883843
686 0.459382
688 0.0866394
690 0.706819
692 0.560388
694 0.170878
696 0.398116
698 0.540318
700 0.497883
702 0.196486
704 0.252966
706 0.937233
708 0.483146
710 0.649049
712 0.590521
714 0.0406924
716 0.0827247
718 0.568021
720 0.657804
722 0.385056
724 0.430455
726 0.681988
728 0.0877208
730 0.950482
732 0.836759
734 0.451341
736 0.225089
738 0.149493
740 0.0518926
742 0.271216
744 0.298869
746 0.805761
748 0.721746
750 0.221564
752 0.597632
754 0.550704
756 0.935882
758 0.82258
760 0.220238
762 0.208024
764 0.576753
766 0.739918
768 0.340288
770 0.693995
772 0.906557
774 0.591574
776 0.697878
778 0.910819
780 0.288935
782 0.363247
784 0.0661028
786 0.387415
788 0.219772
790 0.520648
792 0.778133
794 0.430348
796 0.432507
798 0.090068
800 0.166763
802 0.42208
804 0.790493
806 0.0567337
808 0.404973
810 0.824742
812 0.44401
814 0.855142
816 0.964099
818 0.162786
820 0.672467
822 0.643949
824 0.0815307
826 0.0547516
828 0.88657
830 0.918138
832 0.095143
834 0.464327
836 0.23283
838 0.273346
840 0.930729
842 0.613654
844 0.775929
846 0.383519
848 0.560178
850 0.429528
852 0.55571
854 0.716841
856 0.775323
858 0.621734
860 0.546142
862 0.697648
864 0.0765583
866 0.544261
868 0.147209
870 0.052881
872 0.799295
874 0.852357
876 0.112941
878 0.732712
880 0.796509
882 0.462547
884 0.379315
886 0.380531
888 0.141874
890 0.31914
892 0.6076
894 0.00153182
896 0.581619
898 0.634829
900 0.459445
902 0.672453
904 0.281847
906 0.208834
908 0.592719
910 0.320812
912 0.292276
914 0.400387
916 0.612587
918 0.937619
920 0.953156
922 0.485648
924 0.162028
926 0.705287
928 0.430675
930 0.677894
932 0.851739
934 0.11215
936 0.0145754
938 0.0869503
940 0.304509
942 0.968789
944 0.413833
946 0.20855
948 0.389263
950 0.582804
952 0.922081
954 0.261722
956 0.846035
958 0.423171
960 0.678404
962 0.0511876
964 0.712191
966 0.25555
968 0.478839
970 0.482826
972 0.0855487
974 0.750403
976 0.116738
978 0.386593
980 0.204974
982 0.797561
984 0.33054
986 0.619148
988 0.585166
990 0.162724
992 0.735172
994 0.170515
996 0.816933
998 0.658691
1000 0.65771
