0 7.7159e+08
2 0.3593
4 0.3593
6 0.3593
8 0.3593
10 0.3593
12 0.3593
14 0.3593
16 0.3593
18 0.3593
20 0.3593
22 0.3593
24 0.3593
26 0.3593
28 0.3593
30 0.3593
32 0.3593
34 0.3593
36 0.3593
38 0.3593
40 0.3593
42 0.3593
44 0.3593
46 0.3593
48 0.3593
50 0.3593
52 0.3593
54 0.3593
56 0.3593
58 0.3593
60 0.3593
62 0.3593
64 0.3593
66 0.3593
68 0.3593
70 0.3593
72 0.3593
74 0.3593
76 0.3593
78 0.3593
80 0.3593
82 0.3593
84 0.3593
86 0.3593
88 0.3593
90 0.3593
92 0.3593
94 0.3593
96 0.3593
98 0.3593
100 0.3593
