0 7.7159e+08
2 0.3593
4 0.3593
6 0.3593
8 0.3593
10 0.3593
12 0.3593
14 0.3593
16 0.3593
18 0.3593
20 0.3593
22 0.3593
24 0.3593
26 0.3593
28 0.3593
30 0.3593
32 0.3593
34 0.3593
36 0.3593
38 0.3593
40 0.3593
42 0.3593
44 0.3593
46 0.3593
48 0.3593
50 0.3593
52 0.3593
54 0.3593
56 0.3593
58 0.3593
60 0.3593
62 0.3593
64 0.3593
66 0.3593
68 0.3593
70 0.3593
72 0.3593
74 0.3593
76 0.3593
78 0.3593
80 0.3593
82 0.3593
84 0.3593
86 0.3593
88 0.3593
90 0.3593
92 0.3593
94 0.3593
96 0.3593
98 0.3593
100 0.3593
102 0.3593
104 0.3593
106 0.3593
108 0.3593
110 0.3593
112 0.3593
114 0.3593
116 0.3593
118 0.3593
120 0.3593
122 0.3593
124 0.3593
126 0.3593
128 0.3593
130 0.3593
132 0.3593
134 0.3593
136 0.3593
138 0.3593
140 0.3593
142 0.3593
144 0.3593
146 0.3593
148 0.3593
150 0.3593
152 0.3593
154 0.3593
156 0.3593
158 0.3593
160 0.3593
162 0.3593
164 0.3593
166 0.3593
168 0.3593
170 0.3593
172 0.3593
174 0.3593
176 0.3593
178 0.3593
180 0.3593
182 0.3593
184 0.3593
186 0.3593
188 0.3593
190 0.3593
192 0.3593
194 0.3593
196 0.3593
198 0.3593
200 0.3593
202 0.3593
204 0.3593
206 0.3593
208 0.3593
210 0.3593
212 0.3593
214 0.3593
216 0.3593
218 0.3593
220 0.3593
222 0.3593
224 0.3593
226 0.3593
228 0.3593
230 0.3593
232 0.3593
234 0.3593
236 0.3593
238 0.3593
240 0.3593
242 0.3593
244 0.3593
246 0.3593
248 0.3593
250 0.3593
252 0.3593
254 0.3593
256 0.3593
258 0.3593
260 0.3593
262 0.3593
264 0.3593
266 0.3593
268 0.3593
270 0.3593
272 0.3593
274 0.3593
276 0.3593
278 0.3593
280 0.3593
282 0.3593
284 0.3593
286 0.3593
288 0.3593
290 0.3593
292 0.3593
294 0.3593
296 0.3593
298 0.3593
300 0.3593
302 0.3593
304 0.3593
306 0.3593
308 0.3593
310 0.3593
312 0.3593
314 0.3593
316 0.3593
318 0.3593
320 0.3593
322 0.3593
324 0.3593
326 0.3593
328 0.3593
330 0.3593
332 0.3593
334 0.3593
336 0.3593
338 0.3593
340 0.3593
342 0.3593
344 0.3593
346 0.3593
348 0.3593
350 0.3593
352 0.3593
354 0.3593
356 0.3593
358 0.3593
360 0.3593
362 0.3593
364 0.3593
366 0.3593
368 0.3593
370 0.3593
372 0.3593
374 0.3593
376 0.3593
378 0.3593
380 0.3593
382 0.3593
384 0.3593
386 0.3593
388 0.3593
390 0.3593
392 0.3593
394 0.3593
396 0.3593
398 0.3593
400 0.3593
402 0.3593
404 0.3593
406 0.3593
408 0.3593
410 0.3593
412 0.3593
414 0.3593
416 0.3593
418 0.3593
420 0.3593
422 0.3593
424 0.3593
426 0.3593
428 0.3593
430 0.3593
432 0.3593
434 0.3593
436 0.3593
438 0.3593
440 0.3593
442 0.3593
444 0.3593
446 0.3593
448 0.3593
450 0.3593
452 0.3593
454 0.3593
456 0.3593
458 0.3593
460 0.3593
462 0.3593
464 0.3593
466 0.3593
468 0.3593
470 0.3593
472 0.3593
474 0.3593
476 0.3593
478 0.3593
480 0.3593
482 0.3593
484 0.3593
486 0.3593
488 0.3593
490 0.3593
492 0.3593
494 0.3593
496 0.3593
498 0.3593
500 0.3593
502 0.3593
504 0.3593
506 0.3593
508 0.3593
510 0.3593
512 0.3593
514 0.3593
516 0.3593
518 0.3593
520 0.3593
522 0.3593
524 0.3593
526 0.3593
528 0.3593
530 0.3593
532 0.3593
534 0.3593
536 0.3593
538 0.3593
540 0.3593
542 0.3593
544 0.3593
546 0.3593
548 0.3593
550 0.3593
552 0.3593
554 0.3593
556 0.3593
558 0.3593
560 0.3593
562 0.3593
564 0.3593
566 0.3593
568 0.3593
570 0.3593
572 0.3593
574 0.3593
576 0.3593
578 0.3593
580 0.3593
582 0.3593
584 0.3593
586 0.3593
588 0.3593
590 0.3593
592 0.3593
594 0.3593
596 0.3593
598 0.3593
600 0.3593
602 0.3593
604 0.3593
606 0.3593
608 0.3593
610 0.3593
612 0.3593
614 0.3593
616 0.3593
618 0.3593
620 0.3593
622 0.3593
624 0.3593
626 0.3593
628 0.3593
630 0.3593
632 0.3593
634 0.3593
636 0.3593
638 0.3593
640 0.3593
642 0.3593
644 0.3593
646 0.3593
648 0.3593
650 0.3593
652 0.3593
654 0.3593
656 0.3593
658 0.3593
660 0.3593
662 0.3593
664 0.3593
666 0.3593
668 0.3593
670 0.3593
672 0.3593
674 0.3593
676 0.3593
678 0.3593
680 0.3593
682 0.3593
684 0.3593
686 0.3593
688 0.3593
690 0.3593
692 0.3593
694 0.3593
696 0.3593
698 0.3593
700 0.3593
702 0.3593
704 0.3593
706 0.3593
708 0.3593
710 0.3593
712 0.3593
714 0.3593
716 0.3593
718 0.3593
720 0.3593
722 0.3593
724 0.3593
726 0.3593
728 0.3593
730 0.3593
732 0.3593
734 0.3593
736 0.3593
738 0.3593
740 0.3593
742 0.3593
744 0.3593
746 0.3593
748 0.3593
750 0.3593
752 0.3593
754 0.3593
756 0.3593
758 0.3593
760 0.3593
762 0.3593
764 0.3593
766 0.3593
768 0.3593
770 0.3593
772 0.3593
774 0.3593
776 0.3593
778 0.3593
780 0.3593
782 0.3593
784 0.3593
786 0.3593
788 0.3593
790 0.3593
792 0.3593
794 0.3593
796 0.3593
798 0.3593
800 0.3593
802 0.3593
804 0.3593
806 0.3593
808 0.3593
810 0.3593
812 0.3593
814 0.3593
816 0.3593
818 0.3593
820 0.3593
822 0.3593
824 0.3593
826 0.3593
828 0.3593
830 0.3593
832 0.3593
834 0.3593
836 0.3593
838 0.3593
840 0.3593
842 0.3593
844 0.3593
846 0.3593
848 0.3593
850 0.3593
852 0.3593
854 0.3593
856 0.3593
858 0.3593
860 0.3593
862 0.3593
864 0.3593
866 0.3593
868 0.3593
870 0.3593
872 0.3593
874 0.3593
876 0.3593
878 0.3593
880 0.3593
882 0.3593
884 0.3593
886 0.3593
888 0.3593
890 0.3593
892 0.3593
894 0.3593
896 0.3593
898 0.3593
900 0.3593
902 0.3593
904 0.3593
906 0.3593
908 0.3593
910 0.3593
912 0.3593
914 0.3593
916 0.3593
918 0.3593
920 0.3593
922 0.3593
924 0.3593
926 0.3593
928 0.3593
930 0.3593
932 0.3593
934 0.3593
936 0.3593
938 0.3593
940 0.3593
942 0.3593
944 0.3593
946 0.3593
948 0.3593
950 0.3593
952 0.3593
954 0.3593
956 0.3593
958 0.3593
960 0.3593
962 0.3593
964 0.3593
966 0.3593
968 0.3593
970 0.3593
972 0.3593
974 0.3593
976 0.3593
978 0.3593
980 0.3593
982 0.3593
984 0.3593
986 0.3593
988 0.3593
990 0.3593
992 0.3593
994 0.3593
996 0.3593
998 0.3593
1000 0.3593
