1 0.127514
3 0.194782
5 0.76205
7 0.829318
9 0.396587
11 0.463855
13 0.031123
15 0.0983912
17 0.665659
19 0.732928
21 0.300196
23 0.367464
25 0.934732
27 0.00200045
29 0.569269
31 0.636537
33 0.203805
35 0.271073
37 0.838341
39 0.90561
41 0.472878
43 0.540146
45 0.107414
47 0.174683
49 0.741951
51 0.809219
53 0.376487
55 0.443755
57 0.0110236
59 0.0782918
61 0.64556
63 0.712828
65 0.280096
67 0.347365
69 0.914633
71 0.981901
73 0.549169
75 0.616437
77 0.183706
79 0.250974
81 0.818242
83 0.88551
85 0.452778
87 0.520047
89 0.0873149
91 0.154583
93 0.721851
95 0.78912
97 0.356388
99 0.423656
101 0.990924
103 0.0581924
105 0.625461
107 0.692729
109 0.259997
111 0.327265
113 0.894533
115 0.961802
117 0.52907
119 0.596338
121 0.163606
123 0.230874
125 0.798143
127 0.865411
129 0.432679
131 0.499947
133 0.0672155
135 0.134484
137 0.701752
139 0.76902
141 0.336288
143 0.403557
145 0.970825
147 0.0380929
149 0.605361
151 0.672629
153 0.239898
155 0.307166
157 0.874434
159 0.941702
161 0.50897
163 0.576239
165 0.143507
167 0.210775
169 0.778043
171 0.845311
173 0.41258
175 0.479848
177 0.0471161
179 0.114384
181 0.681652
183 0.748921
185 0.316189
187 0.383457
189 0.950725
191 0.0179935
193 0.585262
195 0.65253
197 0.219798
199 0.287066
201 0.854335
203 0.921603
205 0.488871
207 0.556139
209 0.123407
211 0.190676
213 0.757944
215 0.825212
217 0.39248
219 0.459748
221 0.0270167
223 0.0942849
225 0.661553
227 0.728821
229 0.296089
231 0.363358
233 0.930626
235 0.997894
237 0.565162
239 0.632431
241 0.199699
243 0.266967
245 0.834235
247 0.901503
249 0.468772
251 0.53604
253 0.103308
255 0.170576
257 0.737844
259 0.805113
261 0.372381
263 0.439649
265 0.00691723
267 0.0741854
269 0.641454
271 0.708722
273 0.27599
275 0.343258
277 0.910526
279 0.977795
281 0.545063
283 0.612331
285 0.179599
287 0.246868
289 0.814136
291 0.881404
293 0.448672
295 0.51594
297 0.0832086
299 0.150477
301 0.717745
303 0.785013
305 0.352281
307 0.41955
309 0.986818
311 0.054086
313 0.621354
315 0.688622
317 0.255891
319 0.323159
321 0.890427
323 0.957695
325 0.524963
327 0.592232
329 0.1595
331 0.226768
333 0.794036
335 0.861305
337 0.428573
339 0.495841
341 0.0631091
343 0.130377
345 0.697646
347 0.764914
349 0.332182
351 0.39945
353 0.966718
355 0.0339866
357 0.601255
359 0.668523
361 0.235791
363 0.303059
365 0.870328
367 0.937596
369 0.504864
371 0.572132
373 0.1394
375 0.206669
377 0.773937
379 0.841205
381 0.408473
383 0.475742
385 0.0430097
387 0.110278
389 0.677546
391 0.744814
393 0.312083
395 0.379351
397 0.946619
399 0.0138872
401 0.581155
403 0.648424
405 0.215692
407 0.28296
409 0.850228
411 0.917496
413 0.484765
415 0.552033
417 0.119301
419 0.186569
421 0.753837
423 0.821106
425 0.388374
427 0.455642
429 0.0229103
431 0.0901785
433 0.657447
435 0.724715
437 0.291983
439 0.359251
441 0.92652
443 0.993788
445 0.561056
447 0.628324
449 0.195592
451 0.262861
453 0.830129
455 0.897397
457 0.464665
459 0.531933
461 0.0992016
463 0.16647
465 0.733738
467 0.801006
469 0.368274
471 0.435543
473 0.00281089
475 0.0700791
477 0.637347
479 0.704616
481 0.271884
483 0.339152
485 0.90642
487 0.973688
489 0.540957
491 0.608225
493 0.175493
495 0.242761
497 0.810029
499 0.877298
501 0.444566
503 0.511834
505 0.0791022
507 0.14637
509 0.713639
511 0.780907
513 0.348175
515 0.415443
517 0.982711
519 0.0499797
521 0.617248
523 0.684516
525 0.251784
527 0.319053
529 0.886321
531 0.953589
533 0.520857
535 0.588125
537 0.155394
539 0.222662
541 0.78993
543 0.857198
545 0.424466
547 0.491735
549 0.0590028
551 0.126271
553 0.693539
555 0.760807
557 0.328076
559 0.395344
561 0.962612
563 0.0298803
565 0.597148
567 0.664417
569 0.231685
571 0.298953
573 0.866221
575 0.93349
577 0.500758
579 0.568026
581 0.135294
583 0.202562
585 0.769831
587 0.837099
589 0.404367
591 0.471635
593 0.0389034
595 0.106172
597 0.67344
599 0.740708
601 0.307976
603 0.375244
605 0.942513
607 0.00978084
609 0.577049
611 0.644317
613 0.211585
615 0.278854
617 0.846122
619 0.91339
621 0.480658
623 0.547927
625 0.115195
627 0.182463
629 0.749731
631 0.816999
633 0.384268
635 0.451536
637 0.018804
639 0.0860722
641 0.65334
643 0.720609
645 0.287877
647 0.355145
649 0.922413
651 0.989681
653 0.55695
655 0.624218
657 0.191486
659 0.258754
661 0.826022
663 0.893291
665 0.460559
667 0.527827
669 0.0950953
671 0.162364
673 0.729632
675 0.7969
677 0.364168
679 0.431436
681 0.998705
683 0.0659728
685 0.633241
687 0.700509
689 0.267777
691 0.335046
693 0.902314
695 0.969582
697 0.53685
699 0.604118
701 0.171387
703 0.238655
705 0.805923
707 0.873191
709 0.440459
711 0.507728
713 0.0749959
715 0.142264
717 0.709532
719 0.776801
721 0.344069
723 0.411337
725 0.978605
727 0.0458733
729 0.613142
731 0.68041
733 0.247678
735 0.314946
737 0.882214
739 0.949483
741 0.516751
743 0.584019
745 0.151287
747 0.218555
749 0.785824
751 0.853092
753 0.42036
755 0.487628
757 0.0548965
759 0.122165
761 0.689433
763 0.756701
765 0.323969
767 0.391238
769 0.958506
771 0.0257739
773 0.593042
775 0.66031
777 0.227579
779 0.294847
781 0.862115
783 0.929383
785 0.496651
787 0.56392
789 0.131188
791 0.198456
793 0.765724
795 0.832992
797 0.400261
799 0.467529
801 0.034797
803 0.102065
805 0.669333
807 0.736602
809 0.30387
811 0.371138
813 0.938406
815 0.0056745
817 0.572943
819 0.640211
821 0.207479
823 0.274747
825 0.842016
827 0.909284
829 0.476552
831 0.54382
833 0.111088
835 0.178357
837 0.745625
839 0.812893
841 0.380161
843 0.447429
845 0.0146976
847 0.0819658
849 0.649234
851 0.716502
853 0.28377
855 0.351039
857 0.918307
859 0.985575
861 0.552843
863 0.620111
865 0.18738
867 0.254648
869 0.821916
871 0.889184
873 0.456453
875 0.523721
877 0.090989
879 0.158257
881 0.725525
883 0.792794
885 0.360062
887 0.42733
889 0.994598
891 0.0618664
893 0.629135
895 0.696403
897 0.263671
899 0.330939
901 0.898207
903 0.965476
905 0.532744
907 0.600012
909 0.16728
911 0.234548
913 0.801817
915 0.869085
917 0.436353
919 0.503621
921 0.0708895
923 0.138158
925 0.705426
927 0.772694
929 0.339962
931 0.407231
933 0.974499
935 0.041767
937 0.609035
939 0.676303
941 0.243572
943 0.31084
945 0.878108
947 0.945376
949 0.512644
951 0.579913
953 0.147181
955 0.214449
957 0.781717
959 0.848985
961 0.416254
963 0.483522
965 0.0507901
967 0.118058
969 0.685327
971 0.752595
973 0.319863
975 0.387131
977 0.954399
979 0.0216676
981 0.588936
983 0.656204
985 0.223472
987 0.29074
989 0.858009
991 0.925277
993 0.492545
995 0.559813
997 0.127081
999 0.19435
