1 0.381735
3 0.957445
5 0.0331545
7 0.608864
9 0.684574
11 0.260284
13 0.335994
15 0.911704
17 0.987414
19 0.563124
21 0.638834
23 0.214544
25 0.290254
27 0.865964
29 0.941674
31 0.517384
33 0.593094
35 0.168804
37 0.244513
39 0.820223
41 0.895933
43 0.471643
45 0.547353
47 0.123063
49 0.198773
51 0.774483
53 0.850193
55 0.425903
57 0.501613
59 0.0773228
61 0.153033
63 0.728743
65 0.804453
67 0.380163
69 0.455872
71 0.0315824
73 0.107292
75 0.683002
77 0.758712
79 0.334422
81 0.410132
83 0.985842
85 0.061552
87 0.637262
89 0.712972
91 0.288682
93 0.364392
95 0.940102
97 0.0158116
99 0.591522
