1 0.114287
3 0.0681711
5 0.61894
7 0.0430354
9 0.235219
11 0.253857
13 0.757585
15 0.706124
17 0.629644
19 0.313422
21 0.459655
23 0.665415
25 0.0362465
27 0.158727
29 0.133783
31 0.590787
33 0.723164
35 0.0286093
37 0.817199
39 0.82871
41 0.166593
43 0.983422
45 0.645075
47 0.874657
49 0.447971
51 0.845801
53 0.981659
55 0.699453
57 0.460318
59 0.135287
61 0.360254
63 0.334886
65 0.344
67 0.0785146
69 0.0678263
71 0.736179
73 0.492282
75 0.3011
77 0.642348
79 0.984293
81 0.569109
83 0.587018
85 0.210566
87 0.551017
89 0.560678
91 0.268489
93 0.835737
95 0.210324
97 0.380417
99 0.541064
101 0.401653
103 0.12192
105 0.267068
107 0.820926
109 0.280528
111 0.690607
113 0.565301
115 0.42408
117 0.996709
119 0.189616
121 0.83468
123 0.444381
125 0.478887
127 0.190931
129 0.877652
131 0.396098
133 0.736493
135 0.114918
137 0.745339
139 0.389305
141 0.389417
143 0.47194
145 0.0950121
147 0.966693
149 0.497769
151 0.551772
153 0.800578
155 0.823623
157 0.916105
159 0.726794
161 0.76279
163 0.680162
165 0.437915
167 0.451377
169 0.631065
171 0.564632
173 0.413532
175 0.0732772
177 0.0961564
179 0.323002
181 0.262996
183 0.0673615
185 0.470261
187 0.984778
189 0.310659
191 0.0696483
193 0.376954
195 0.265756
197 0.766757
199 0.482998
201 0.0973109
203 0.537804
205 0.44633
207 0.192391
209 0.652294
211 0.945532
213 0.0312316
215 0.217812
217 0.921563
219 0.233052
221 0.571239
223 0.524531
225 0.637173
227 0.500032
229 0.322299
231 0.938057
233 0.349098
235 0.0767841
237 0.865142
239 0.186425
241 0.239771
243 0.201116
245 0.0643444
247 0.342229
249 0.682841
251 0.647366
253 0.183037
255 0.0659678
257 0.431642
259 0.880883
261 0.8857
263 0.716493
265 0.687491
267 0.219246
269 0.306937
271 0.106321
273 0.0937215
275 0.698585
277 0.679199
279 0.137093
281 0.922002
283 0.95843
285 0.0498323
287 0.382441
289 0.282428
291 0.304666
293 0.80492
295 0.0112124
297 0.475655
299 0.586334
301 0.379968
303 0.598147
305 0.84115
307 0.181252
309 0.220677
311 0.693124
313 0.168881
315 0.304671
317 0.454969
319 0.0962624
321 0.525957
323 0.654776
325 0.400568
327 0.628188
329 0.0191154
331 0.30094
333 0.362928
335 0.0712567
337 0.723448
339 0.662989
341 0.847765
343 0.698169
345 0.261175
347 0.916501
349 0.847503
351 0.631522
353 0.501752
355 0.610632
357 0.647006
359 0.841775
361 0.23941
363 0.871729
365 0.603929
367 0.288519
369 0.421636
371 0.391548
373 0.848328
375 0.479305
377 0.233362
379 0.152386
381 0.896213
383 0.711757
385 0.470839
387 0.78147
389 0.616924
391 0.291008
393 0.95278
395 0.152532
397 0.0207949
399 0.393878
401 0.119941
403 0.35963
405 0.4391
407 0.332158
409 0.511754
411 0.496851
413 0.833663
415 0.953594
417 0.728819
419 0.0127335
421 0.905323
423 0.655215
425 0.389737
427 0.571553
429 0.795056
431 0.061799
433 0.637099
435 0.63866
437 0.00212426
439 0.665384
441 0.711538
443 0.702847
445 0.613299
447 0.170887
449 0.498295
451 0.533678
453 0.12059
455 0.6623
457 0.798056
459 0.522156
461 0.00725862
463 0.246227
465 0.931677
467 0.600691
469 0.184363
471 0.323081
473 0.458687
475 0.851868
477 0.136879
479 0.547653
481 0.727376
483 0.296904
485 0.676923
487 0.551134
489 0.457373
491 0.101251
493 0.815614
495 0.003053
497 0.763239
499 0.191779
501 0.453276
503 0.895759
505 0.750934
507 0.924252
509 0.243018
511 0.757318
513 0.645534
515 0.771724
517 0.0446738
519 0.32185
521 0.506208
523 0.496393
525 0.406087
527 0.338403
529 0.895336
531 0.68968
533 0.365416
535 0.821074
537 0.513289
539 0.358108
541 0.922229
543 0.744425
545 0.812299
547 0.0631133
549 0.710355
551 0.435128
553 0.864795
555 0.848457
557 0.482478
559 0.197827
561 0.991136
563 0.849086
565 0.757167
567 0.683786
569 0.217847
571 0.924172
573 0.144383
575 0.683564
577 0.015737
579 0.732414
581 0.347064
583 0.698652
585 0.4026
587 0.708273
589 0.670502
591 0.944927
593 0.785613
595 0.596475
597 0.407341
599 0.735067
601 0.199461
603 0.134642
605 0.205319
607 0.804376
609 0.317736
611 0.171467
613 0.310883
615 0.442515
617 0.325115
619 0.439872
621 0.419907
623 0.431627
625 0.656034
627 0.227446
629 0.902354
631 0.00635198
633 0.649386
635 0.677159
637 0.300622
639 0.683224
641 0.545968
643 0.303302
645 0.128531
647 0.994945
649 0.406588
651 0.839588
653 0.370172
655 0.193892
657 0.27457
659 0.687298
661 0.366651
663 0.555491
665 0.71043
667 0.102407
669 0.778275
671 0.321176
673 0.0580611
675 0.755328
677 0.265675
679 0.0890633
681 0.847103
683 0.786545
685 0.947482
687 0.798877
689 0.515126
691 0.0128505
693 0.448567
695 0.078084
697 0.695103
699 0.873965
701 0.597967
703 0.847443
705 0.158424
707 0.987098
709 0.675373
711 0.153444
713 0.880487
715 0.939265
717 0.126966
719 0.662272
721 0.540049
723 0.795504
725 0.775642
727 0.336354
729 0.225964
731 0.346455
733 0.38213
735 0.357452
737 0.790692
739 0.967167
741 0.394251
743 0.940131
745 0.0884726
747 0.573062
749 0.499936
751 0.782127
753 0.674548
755 0.51064
757 0.166993
759 0.318189
761 0.262673
763 0.270511
765 0.220879
767 0.901848
769 0.393372
771 0.370197
773 0.089125
775 0.877716
777 0.934073
779 0.0530792
781 0.514493
783 0.303909
785 0.668327
787 0.753533
789 0.111485
791 0.864163
793 0.710834
795 0.83576
797 0.290853
799 0.076047
801 0.959987
803 0.175393
805 0.306746
807 0.610262
809 0.37828
811 0.297597
813 0.911644
815 0.670216
817 0.732238
819 0.229191
821 0.00263064
823 0.432519
825 0.295613
827 0.453766
829 0.629894
831 0.475781
833 0.64806
835 0.980028
837 0.788149
839 0.226946
841 0.93432
843 0.359813
845 0.100659
847 0.228906
849 0.194774
851 0.310402
853 0.998712
855 0.854316
857 0.721301
859 0.42389
861 0.98285
863 0.0258421
865 0.445218
867 0.571325
869 0.0629025
871 0.414055
873 0.378484
875 0.460838
877 0.486962
879 0.00537831
881 0.978052
883 0.784209
885 0.699418
887 0.230732
889 0.991098
891 0.699957
893 0.405398
895 0.508295
897 0.579992
899 0.864321
901 0.59308
903 0.535947
905 0.102093
907 0.878562
909 0.599358
911 0.660218
913 0.832391
915 0.975096
917 0.563382
919 0.635918
921 0.979945
923 0.617031
925 0.13907
927 0.954356
929 0.802021
931 0.37706
933 0.546433
935 0.795125
937 0.745433
939 0.625956
941 0.416387
943 0.652199
945 0.984919
947 0.390084
949 0.591937
951 0.727645
953 0.604612
955 0.733908
957 0.271694
959 0.69277
961 0.609073
963 0.851919
965 0.724827
967 0.538903
969 0.531512
971 0.425503
973 0.453261
975 0.742677
977 0.390801
979 0.471484
981 0.963195
983 0.228605
985 0.742863
987 0.127954
989 0.453319
991 0.986547
993 0.766391
995 0.526577
997 0.877458
999 0.363238
