1 0.83904
3 0.00679039
5 0.833458
7 0.32064
9 0.248185
11 0.241763
13 0.486485
15 0.219998
17 0.671165
19 0.764389
21 0.542837
23 0.306839
25 0.703894
27 0.0113866
29 0.217781
31 0.158399
33 0.207589
35 0.865927
37 0.286355
39 0.663167
41 0.131398
43 0.155047
45 0.702828
47 0.91782
49 0.705078
51 0.425598
53 0.757399
55 0.427034
57 0.228408
59 0.446988
61 0.487928
63 0.612488
65 0.948527
67 0.11079
69 0.313947
71 0.618896
73 0.52674
75 0.775068
77 0.670848
79 0.425921
81 0.169333
83 0.146914
85 0.502923
87 0.386951
89 0.807054
91 0.599265
93 0.183606
95 0.839159
97 0.638609
99 0.190198
