1 0.3593
3 0.3593
5 0.3593
7 0.3593
9 0.3593
11 0.3593
13 0.3593
15 0.3593
17 0.3593
19 0.3593
21 0.3593
23 0.3593
25 0.3593
27 0.3593
29 0.3593
31 0.3593
33 0.3593
35 0.3593
37 0.3593
39 0.3593
41 0.3593
43 0.3593
45 0.3593
47 0.3593
49 0.3593
51 0.3593
53 0.3593
55 0.3593
57 0.3593
59 0.3593
61 0.3593
63 0.3593
65 0.3593
67 0.3593
69 0.3593
71 0.3593
73 0.3593
75 0.3593
77 0.3593
79 0.3593
81 0.3593
83 0.3593
85 0.3593
87 0.3593
89 0.3593
91 0.3593
93 0.3593
95 0.3593
97 0.3593
99 0.3593
101 0.3593
103 0.3593
105 0.3593
107 0.3593
109 0.3593
111 0.3593
113 0.3593
115 0.3593
117 0.3593
119 0.3593
121 0.3593
123 0.3593
125 0.3593
127 0.3593
129 0.3593
131 0.3593
133 0.3593
135 0.3593
137 0.3593
139 0.3593
141 0.3593
143 0.3593
145 0.3593
147 0.3593
149 0.3593
151 0.3593
153 0.3593
155 0.3593
157 0.3593
159 0.3593
161 0.3593
163 0.3593
165 0.3593
167 0.3593
169 0.3593
171 0.3593
173 0.3593
175 0.3593
177 0.3593
179 0.3593
181 0.3593
183 0.3593
185 0.3593
187 0.3593
189 0.3593
191 0.3593
193 0.3593
195 0.3593
197 0.3593
199 0.3593
201 0.3593
203 0.3593
205 0.3593
207 0.3593
209 0.3593
211 0.3593
213 0.3593
215 0.3593
217 0.3593
219 0.3593
221 0.3593
223 0.3593
225 0.3593
227 0.3593
229 0.3593
231 0.3593
233 0.3593
235 0.3593
237 0.3593
239 0.3593
241 0.3593
243 0.3593
245 0.3593
247 0.3593
249 0.3593
251 0.3593
253 0.3593
255 0.3593
257 0.3593
259 0.3593
261 0.3593
263 0.3593
265 0.3593
267 0.3593
269 0.3593
271 0.3593
273 0.3593
275 0.3593
277 0.3593
279 0.3593
281 0.3593
283 0.3593
285 0.3593
287 0.3593
289 0.3593
291 0.3593
293 0.3593
295 0.3593
297 0.3593
299 0.3593
301 0.3593
303 0.3593
305 0.3593
307 0.3593
309 0.3593
311 0.3593
313 0.3593
315 0.3593
317 0.3593
319 0.3593
321 0.3593
323 0.3593
325 0.3593
327 0.3593
329 0.3593
331 0.3593
333 0.3593
335 0.3593
337 0.3593
339 0.3593
341 0.3593
343 0.3593
345 0.3593
347 0.3593
349 0.3593
351 0.3593
353 0.3593
355 0.3593
357 0.3593
359 0.3593
361 0.3593
363 0.3593
365 0.3593
367 0.3593
369 0.3593
371 0.3593
373 0.3593
375 0.3593
377 0.3593
379 0.3593
381 0.3593
383 0.3593
385 0.3593
387 0.3593
389 0.3593
391 0.3593
393 0.3593
395 0.3593
397 0.3593
399 0.3593
401 0.3593
403 0.3593
405 0.3593
407 0.3593
409 0.3593
411 0.3593
413 0.3593
415 0.3593
417 0.3593
419 0.3593
421 0.3593
423 0.3593
425 0.3593
427 0.3593
429 0.3593
431 0.3593
433 0.3593
435 0.3593
437 0.3593
439 0.3593
441 0.3593
443 0.3593
445 0.3593
447 0.3593
449 0.3593
451 0.3593
453 0.3593
455 0.3593
457 0.3593
459 0.3593
461 0.3593
463 0.3593
465 0.3593
467 0.3593
469 0.3593
471 0.3593
473 0.3593
475 0.3593
477 0.3593
479 0.3593
481 0.3593
483 0.3593
485 0.3593
487 0.3593
489 0.3593
491 0.3593
493 0.3593
495 0.3593
497 0.3593
499 0.3593
501 0.3593
503 0.3593
505 0.3593
507 0.3593
509 0.3593
511 0.3593
513 0.3593
515 0.3593
517 0.3593
519 0.3593
521 0.3593
523 0.3593
525 0.3593
527 0.3593
529 0.3593
531 0.3593
533 0.3593
535 0.3593
537 0.3593
539 0.3593
541 0.3593
543 0.3593
545 0.3593
547 0.3593
549 0.3593
551 0.3593
553 0.3593
555 0.3593
557 0.3593
559 0.3593
561 0.3593
563 0.3593
565 0.3593
567 0.3593
569 0.3593
571 0.3593
573 0.3593
575 0.3593
577 0.3593
579 0.3593
581 0.3593
583 0.3593
585 0.3593
587 0.3593
589 0.3593
591 0.3593
593 0.3593
595 0.3593
597 0.3593
599 0.3593
601 0.3593
603 0.3593
605 0.3593
607 0.3593
609 0.3593
611 0.3593
613 0.3593
615 0.3593
617 0.3593
619 0.3593
621 0.3593
623 0.3593
625 0.3593
627 0.3593
629 0.3593
631 0.3593
633 0.3593
635 0.3593
637 0.3593
639 0.3593
641 0.3593
643 0.3593
645 0.3593
647 0.3593
649 0.3593
651 0.3593
653 0.3593
655 0.3593
657 0.3593
659 0.3593
661 0.3593
663 0.3593
665 0.3593
667 0.3593
669 0.3593
671 0.3593
673 0.3593
675 0.3593
677 0.3593
679 0.3593
681 0.3593
683 0.3593
685 0.3593
687 0.3593
689 0.3593
691 0.3593
693 0.3593
695 0.3593
697 0.3593
699 0.3593
701 0.3593
703 0.3593
705 0.3593
707 0.3593
709 0.3593
711 0.3593
713 0.3593
715 0.3593
717 0.3593
719 0.3593
721 0.3593
723 0.3593
725 0.3593
727 0.3593
729 0.3593
731 0.3593
733 0.3593
735 0.3593
737 0.3593
739 0.3593
741 0.3593
743 0.3593
745 0.3593
747 0.3593
749 0.3593
751 0.3593
753 0.3593
755 0.3593
757 0.3593
759 0.3593
761 0.3593
763 0.3593
765 0.3593
767 0.3593
769 0.3593
771 0.3593
773 0.3593
775 0.3593
777 0.3593
779 0.3593
781 0.3593
783 0.3593
785 0.3593
787 0.3593
789 0.3593
791 0.3593
793 0.3593
795 0.3593
797 0.3593
799 0.3593
801 0.3593
803 0.3593
805 0.3593
807 0.3593
809 0.3593
811 0.3593
813 0.3593
815 0.3593
817 0.3593
819 0.3593
821 0.3593
823 0.3593
825 0.3593
827 0.3593
829 0.3593
831 0.3593
833 0.3593
835 0.3593
837 0.3593
839 0.3593
841 0.3593
843 0.3593
845 0.3593
847 0.3593
849 0.3593
851 0.3593
853 0.3593
855 0.3593
857 0.3593
859 0.3593
861 0.3593
863 0.3593
865 0.3593
867 0.3593
869 0.3593
871 0.3593
873 0.3593
875 0.3593
877 0.3593
879 0.3593
881 0.3593
883 0.3593
885 0.3593
887 0.3593
889 0.3593
891 0.3593
893 0.3593
895 0.3593
897 0.3593
899 0.3593
901 0.3593
903 0.3593
905 0.3593
907 0.3593
909 0.3593
911 0.3593
913 0.3593
915 0.3593
917 0.3593
919 0.3593
921 0.3593
923 0.3593
925 0.3593
927 0.3593
929 0.3593
931 0.3593
933 0.3593
935 0.3593
937 0.3593
939 0.3593
941 0.3593
943 0.3593
945 0.3593
947 0.3593
949 0.3593
951 0.3593
953 0.3593
955 0.3593
957 0.3593
959 0.3593
961 0.3593
963 0.3593
965 0.3593
967 0.3593
969 0.3593
971 0.3593
973 0.3593
975 0.3593
977 0.3593
979 0.3593
981 0.3593
983 0.3593
985 0.3593
987 0.3593
989 0.3593
991 0.3593
993 0.3593
995 0.3593
997 0.3593
999 0.3593
