0.353767 0.483389
0.074115 0.386217
0.331877 0.169231
0.256641 0.334262
0.657840 0.576944
0.165011 0.603492
0.372540 0.293695
0.371474 0.279503
0.287586 0.448970
0.440903 0.441719
0.367150 0.179251
0.371724 0.463024
0.348889 0.403469
0.372689 0.269656
0.329387 0.221272
0.388840 0.185293
0.193113 0.219050
0.005572 0.443838
0.332519 0.224507
0.437030 0.128848
0.289776 0.275855
0.331921 0.331286
0.213512 0.296995
0.283512 0.362771
0.409327 0.410927
0.213635 0.307736
0.178588 0.188650
0.299315 0.453263
0.223033 0.337138
0.277442 0.411736
0.191094 0.303256
0.355253 0.410061
0.454421 0.308593
0.150841 0.225770
0.193842 0.535046
0.238440 0.374808
0.280758 0.388861
0.223515 0.159773
0.157762 0.348819
0.282262 0.280395
0.441931 0.329158
0.319781 0.458770
0.219553 0.369662
0.383509 0.275628
0.321567 0.183416
0.185205 0.310487
0.372225 0.558549
0.233311 0.318733
0.291751 0.106698
0.256103 0.120532
0.384038 0.211197
0.310009 0.245547
0.330352 0.239967
0.348997 0.373936
0.471189 0.280588
0.086164 0.216041
0.435459 0.192784
0.396095 0.312405
0.443670 0.103910
0.280230 0.179215
0.590801 0.382522
0.437897 0.194182
0.253138 0.272753
0.409842 0.272213
0.370154 0.094818
0.264615 0.217641
0.142294 0.350797
0.328198 0.303348
0.166632 0.412749
0.335018 0.270093
0.302289 0.273800
0.124979 0.271435
0.216863 0.202079
0.184360 0.246644
0.099736 0.396423
0.352006 0.297997
0.296523 0.220184
0.401869 0.286678
0.228547 0.435139
0.277523 0.241097
0.270625 0.215207
0.187987 0.552600
0.465550 0.330754
0.174288 0.213453
0.282347 0.379142
0.166800 0.067013
0.155090 0.333351
0.339135 0.345168
0.286972 0.318369
0.252385 0.386202
0.163831 0.345503
0.215129 0.266511
0.355278 0.403909
0.188236 0.426066
0.366014 0.293213
0.280478 0.278239
0.269689 0.302305
0.305129 0.382606
0.452698 0.346691
0.279029 0.362519
0.318323 0.197023
0.394922 0.330706
0.313517 0.351525
0.326141 0.205851
0.283766 0.285395
0.246799 0.468210
0.212427 0.251618
0.228800 0.182579
0.280776 0.272593
0.453007 0.275098
0.193579 0.460346
0.423468 0.277037
0.149384 0.255537
0.284406 0.327607
0.273884 0.344342
0.339189 0.174932
0.205204 0.225889
0.249218 0.267942
0.301247 -0.002918
0.254299 0.424245
0.193330 0.393373
0.335032 0.297099
0.318245 0.143494
0.291546 0.460395
0.309835 0.304137
0.244937 0.297689
0.317426 0.331979
0.272039 0.282266
0.451777 0.130623
0.467208 0.325317
0.375005 0.175188
0.255747 0.279145
0.331704 0.174735
0.335373 0.209036
0.304964 0.348927
0.324529 0.381198
0.375456 0.251182
0.319279 0.229172
0.200866 0.369362
0.300004 0.295881
0.368335 0.344594
0.326265 0.393769
0.369734 0.317982
0.248223 0.251133
0.389408 0.179113
0.298165 0.153836
0.376537 0.364629
0.300087 0.294687
0.113529 0.343588
0.135567 0.126054
0.305995 0.228864
0.330862 0.350773
0.364330 0.248163
0.333703 0.307548
0.361955 0.340212
0.367342 0.290105
0.288960 0.375583
0.140726 0.262156
0.204705 0.271306
0.348651 0.361930
0.223879 0.264670
0.310277 0.278110
0.322636 0.329995
0.230253 0.286738
0.140093 0.385902
0.252818 0.209711
0.280954 0.192851
0.298436 0.257950
0.463333 0.385385
0.112734 0.333100
0.195140 0.280871
0.312330 0.356080
0.279521 0.418223
0.263930 0.324563
0.349855 0.306389
0.366071 0.324241
0.241189 0.164597
0.439394 0.254660
0.307752 0.342238
0.308520 0.232146
0.264921 0.290633
0.410922 0.235439
0.358850 0.323147
0.282460 0.220727
0.278689 0.293498
0.189795 0.314414
0.238328 0.292932
0.325216 0.232151
0.278381 0.326255
0.162311 0.377698
0.481835 0.371955
0.276317 0.332147
0.222301 0.440840
0.370553 0.359051
0.234309 0.323996
0.258128 0.276643
0.257249 0.223070
0.231844 0.284258
0.172585 0.345570
0.291165 0.352437
0.320224 0.337072
0.188766 0.223480
0.266475 0.308224
0.384655 0.278253
0.394616 0.335657
0.388059 0.309521
0.250739 0.188895
0.311662 0.361391
0.278056 0.259441
0.276852 0.217756
0.263024 0.286445
0.303438 0.295216
0.345850 0.308199
0.436051 0.323402
0.435337 0.245766
0.339491 0.280481
0.345011 0.344545
0.136048 0.200472
0.191924 0.330138
0.410265 0.275489
0.360924 0.340916
0.221128 0.329810
0.243608 0.413720
0.297558 0.422700
0.268121 0.344208
0.295291 0.148353
0.226340 0.345938
0.295884 0.216095
0.253022 0.318714
0.225524 0.373121
0.251947 0.435665
0.219010 0.314939
0.185923 0.245728
0.255506 0.330100
0.370660 0.322536
0.272020 0.361162
0.359917 0.309015
0.342844 0.330960
0.225978 0.356968
0.250710 0.254706
0.313271 0.276937
0.290113 0.344652
0.378512 0.285153
0.324576 0.282127
0.317220 0.333000
0.253735 0.320613
0.345083 0.306923
0.429738 0.254358
0.244721 0.168759
0.368286 0.365031