0.540013 0.662309
0.572963 0.586349
0.564118 0.604994
0.562708 0.898417
0.404167 0.318213
0.407415 0.413332
0.495799 0.528941
0.522683 0.617667
0.598658 0.643904
0.772282 0.702883
0.389593 0.258881
0.662741 0.320545
0.558345 0.554435
0.828396 0.541348
0.486585 0.579476
0.580726 0.558756
0.473927 0.397176
0.589563 0.382141
0.420977 0.716402
0.497637 0.532460
0.662478 0.512486
0.678671 0.506867
0.676600 0.628667
0.523373 0.441788
0.419611 0.516241
0.495232 0.498916
0.672943 0.512788
0.692960 0.483547
0.671571 0.484719
0.572072 0.671342
0.498253 0.495216
0.800424 0.668874
0.496000 0.631118
0.504990 0.638236
0.726981 0.349436
0.678607 0.732246
0.555934 0.768282
0.569423 0.395360
0.275813 0.508324
0.639193 0.589676
0.601701 0.477864
0.568000 0.345167
0.454989 0.447651
0.614966 0.548230
0.405559 0.548809
0.463774 0.466663
0.658019 0.564177
0.599795 0.660496
0.572532 0.618857
0.635371 0.696326
0.609483 0.726529
0.552826 0.544016
0.762667 0.486286
0.549643 0.664983
0.568726 0.725617
0.679265 0.586446
0.452788 0.620837
0.377172 0.580559
0.651055 0.576630
0.659960 0.804860
0.665492 0.583365
0.630208 0.603186
0.385660 0.497949
0.703086 0.544552
0.622803 0.424187
0.558065 0.625036
0.379811 0.593449
0.527270 0.432558
0.545308 0.312962
0.284003 0.402885
0.426183 0.403371
0.334322 0.586029
0.350727 0.563777
0.648383 0.549722
0.561639 0.502730
0.364665 0.544523
0.670103 0.767281
0.496224 0.346585
0.570793 0.597033
0.521631 0.406386
0.803042 0.255060
0.486253 0.384797
0.470484 0.589731
0.567256 0.461158
0.647125 0.627799
0.630923 0.496796
0.681073 0.632588
0.863597 0.682932
0.694615 0.556622
0.388952 0.503597
0.455276 0.479504
0.619392 0.480403
0.438111 0.498834
0.529889 0.601167
0.430921 0.589665
0.559753 0.715548
0.523354 0.533190
0.403581 0.376842
0.588814 0.518814
0.612968 0.438417
0.788564 0.565279
0.680879 0.521635
0.529687 0.636256
0.619470 0.409968
0.358413 0.412767
0.373028 0.557446
0.498594 0.503999
0.379880 0.647446
0.604926 0.538797
0.677648 0.440753
0.601838 0.593555
0.593657 0.458844
0.590855 0.485640
0.437944 0.399591
0.679727 0.444257
0.528386 0.398918
0.512859 0.145995
0.414130 0.371695
0.423194 0.523342
0.509332 0.793050
0.478528 0.518746
0.353836 0.490327
0.382753 0.553787
0.656636 0.600532
0.462422 0.346182
0.646001 0.705004
0.512050 0.401010
0.619777 0.440734
0.453019 0.588638
0.361478 0.304325
0.542068 0.540074
0.509514 0.549668
0.608224 0.597045
0.443143 0.580997
0.517325 0.449446
0.380669 0.564697
0.464638 0.504643
0.420705 0.344949
0.517159 0.493786
0.619903 0.580170
0.605330 0.425112
0.406367 0.373091
0.549798 0.778908
0.572757 0.422694
0.583663 0.387167
0.357553 0.571744
0.422209 0.531599
0.640654 0.540112
0.592966 0.339420
0.566154 0.713850
0.554114 0.345912
0.479686 0.450003
0.538302 0.541204
0.540549 0.463622
0.440073 0.441041
0.585354 0.314699
0.479270 0.527038
0.434723 0.547723
0.492868 0.406170
0.516136 0.473182
0.459013 0.428868
0.506145 0.315387
0.460167 0.445645
0.408810 0.565270
0.426573 0.554063
0.597584 0.484313
0.527780 0.563952
0.491902 0.554087
0.373744 0.611042
0.401044 0.317116
0.638450 0.493727
0.544892 0.463674
0.397942 0.192701
0.562628 0.471332
0.480266 0.540561
0.358065 0.427055
0.614733 0.559786
0.371872 0.279674
0.442875 0.521400
0.594238 0.509373
0.387769 0.530616
0.382767 0.403903
0.434626 0.377061
0.472903 0.410005
0.471431 0.453758
0.459021 0.449646
0.623330 0.561031
0.505907 0.353305
0.337420 0.303525
0.760520 0.597237
0.525698 0.402576
0.385364 0.554764
0.656508 0.330666
0.455060 0.491571
0.300800 0.584125
0.458534 0.691218
0.460910 0.540918
0.385757 0.437514
0.383128 0.539258
0.630184 0.440636
0.543638 0.449564
0.510211 0.619625
0.512028 0.396316
0.414290 0.483013
0.480833 0.413418
0.518066 0.626653
0.474883 0.479543
0.279848 0.422549
0.360673 0.461377
0.552559 0.652327
0.679849 0.488312
0.467980 0.581752
0.549016 0.576525
0.577828 0.351969
0.554036 0.490846
0.423975 0.430640
0.628146 0.419026
0.376318 0.521469
0.701077 0.502555
0.530830 0.406175
0.667422 0.512499
0.553010 0.404793
0.585404 0.538915
0.384400 0.503974
0.454940 0.510925
0.474945 0.481010
0.396709 0.467671
0.576653 0.674467
0.383948 0.737741
0.652608 0.516851
0.469879 0.430135
0.583277 0.430539
0.453812 0.588362
0.543594 0.589675
0.550473 0.459910
0.448615 0.579637
0.432881 0.618666
0.579070 0.528772
0.500323 0.536562
0.852668 0.488756
0.344341 0.691510
0.560985 0.435209
0.761733 0.555095
0.529420 0.422216
0.393507 0.323159
0.457708 0.394690
0.564776 0.468237
0.676899 0.651058
0.516401 0.471724
0.615217 0.385349
