15
  0.4817879  0.8417572  0.7800612  0.6993818  0.1458495  0.9754878  0.3462444  0.9463824  0.1250806  0.2456038  0.8309937  0.2098446  0.1295228  0.3071716  0.2122288
  0.1233174  0.3375823  0.4475992  0.5691504  0.1542404  0.7438952  0.0545752  0.4095960  0.3420803  0.1259811  0.9732191  0.8267701  0.0548940  0.9127022  0.3130603
  0.2523301  0.2165229  0.4481959  0.8710815  0.2660913  0.0137714  0.2897605  0.4974056  0.3919072  0.5699284  0.3635695  0.1604888  0.4826617  0.7684958  0.1023567
  0.1728793  0.5231075  0.4909059  0.6470330  0.5398830  0.2369854  0.0607342  0.1406907  0.2272015  0.2371178  0.3904744  0.0172817  0.9894837  0.5467058  0.8810369
  0.3246574  0.7375327  0.4854383  0.6177287  0.4247566  0.9952739  0.3548534  0.1383235  0.9899165  0.3808761  0.8094997  0.0612864  0.6230062  0.2950410  0.0550728
  0.2904300  0.5072329  0.2234504  0.3186325  0.0836462  0.8000427  0.5669610  0.9622759  0.2515544  0.0229733  0.8436795  0.5343568  0.8802122  0.3288321  0.6953185
  0.0260419  0.0998911  0.6605918  0.8485470  0.1630570  0.6288716  0.6035238  0.7153216  0.3649741  0.5728753  0.1398321  0.6083410  0.4347435  0.7981017  0.7014335
  0.2217546  0.6963400  0.2246549  0.4022590  0.5707194  0.2730320  0.2940954  0.0373943  0.5103164  0.6864228  0.8198959  0.0648449  0.9832913  0.1298820  0.6023547
  0.7218063  0.1165107  0.4392477  0.7125595  0.4172213  0.9898846  0.9896090  0.8757595  0.4771048  0.9450946  0.4378597  0.5514305  0.8547977  0.6853586  0.6647919
  0.2064569  0.5879312  0.6245425  0.5425829  0.4653855  0.1905811  0.0806123  0.6075829  0.8813942  0.8247809  0.0352773  0.5727215  0.1553251  0.7257404  0.9610049
  0.1272628  0.6689869  0.0883465  0.7104632  0.6200004  0.9414259  0.1356762  0.6905016  0.4854015  0.4870278  0.9745394  0.4216157  0.1350574  0.1844763  0.3315648
  0.3677211  0.5439924  0.4061580  0.0900489  0.5686940  0.2677715  0.8170715  0.2770764  0.4958676  0.6407580  0.6790922  0.9731817  0.2510445  0.8779755  0.0790939
  0.2247859  0.4232779  0.0379761  0.1787651  0.3462954  0.5796263  0.1463105  0.4317103  0.7337692  0.3179287  0.1635069  0.2310089  0.0030620  0.1754566  0.0595788
  0.7704984  0.9072875  0.7279046  0.9483409  0.4685760  0.5136496  0.9250503  0.1370669  0.8586818  0.9389965  0.2504530  0.1234529  0.6816434  0.1990376  0.4120742
  0.0742733  0.4527635  0.9658562  0.1330315  0.2501702  0.5661503  0.7655041  0.9763449  0.2346836  0.6869718  0.4347174  0.8966368  0.9736896  0.3765660  0.0098519
  0.970870  0.935122  0.237473  0.016456  0.703407  0.060307  0.174807  0.073744  0.714354  0.687262  0.589275  0.486651  0.419084  0.711026  0.684285
