10
  0.465453  0.137267  0.887131  0.302939  0.954969  0.268141  0.695482  0.161108  0.116269  0.499305
  0.321898  0.229884  0.210020  0.304334  0.423265  0.509603  0.976308  0.562482  0.894123  0.198878
  0.549341  0.620796  0.844053  0.636448  0.451924  0.608537  0.695882  0.909414  0.347757  0.599356
  0.608489  0.087132  0.456587  0.802775  0.647310  0.998205  0.665506  0.428846  0.869554  0.144972
  0.515619  0.688773  0.495644  0.776743  0.608583  0.901854  0.300358  0.992003  0.592301  0.330497
  0.326383  0.160008  0.133015  0.224269  0.604001  0.255524  0.570437  0.106585  0.037415  0.420653
  0.995188  0.071826  0.037517  0.151297  0.078009  0.249792  0.596230  0.604977  0.175131  0.649859
  0.482013  0.695901  0.438252  0.922920  0.107461  0.552283  0.370948  0.836809  0.394688  0.443832
  0.836875  0.294521  0.476221  0.668648  0.530492  0.244140  0.907167  0.136194  0.022574  0.797035
  0.303868  0.040449  0.399417  0.112084  0.263376  0.918788  0.322135  0.270674  0.712718  0.807996
  0.055177  0.871429  0.184696  0.217475  0.095809  0.925108  0.773384  0.934102  0.273404  0.055751
