0 0.000708664
1 0.000693203
2 0.00108406
3 0
4 0.000867512
5 0.00109096
6 0.00109062
7 0
8 0
9 0
10 0.000732636
11 0
12 0
13 0
14 0.00136519
15 0.00125289
16 0.00138644
17 0.1112
18 0.375245
19 0.000925966
20 0.0010786
21 0.133305
22 0
23 0.00124003
24 0
25 0.000788034
26 0.0673452
27 0
28 0.0010139
29 0.00102644
30 0.00100011
31 0.00119783
32 0.00142627
33 0.00107798
34 0.000983217
35 0
36 0.000826099
37 0
38 0
39 0
40 0.000558653
41 0.000810575
42 0.00114727
43 0
44 0.00106547
45 0.000943001
46 0.00113763
47 0
48 0.0010366
49 0
50 0.102838
51 0
52 0
53 0.00074556
54 0
55 0.00100402
56 0.000615763
57 0.00107633
58 0.000728175
59 0
60 0.00111272
61 0.0011474
62 0
63 0
64 0
65 0.000690983
66 0.1847
67 0
68 0.00094339
69 0.001318
70 0
71 0.000991503
72 0.0010617
73 0.000982691
74 0.000912739
75 0
76 0.00126712
77 0.00124197
78 0.00103736
79 0.00108245
80 0
81 0.00121404
82 0.00156422
83 0
84 0
85 0.00109473
86 0.00145307
87 0.226028
88 0.00157865
89 0.0010224
90 0.00148879
91 0.000649934
92 0.000885518
93 0.00116706
94 0.00104664
95 0.000801312
96 0
97 0.000817704
98 0
99 0
