0 0.0079708
1 0.00362494
2 0
3 0.00419169
4 0.00309563
5 0
6 0.00712256
7 0.00593895
8 0
9 0
10 0.00328928
11 0.00422385
12 0.138204
13 0.00420771
14 0.00483928
15 0
16 0.00402422
17 0.0050986
18 0.00574316
19 0
20 0.00854897
21 0.00442929
22 0.00369109
23 0.00666936
24 0.00357207
25 0
26 0.0035405
27 0.00706436
28 0.0036127
29 0
30 0
31 0.00448154
32 0.00518294
33 0.00582451
34 0
35 0.00715336
36 0
37 0
38 0
39 0
40 0.00303286
41 0.0046628
42 0.00453171
43 0
44 1.03389
45 0
46 0
47 0.00658067
48 0.015386
49 0.00548319
50 0.00252389
51 0.00810564
52 0.00947845
53 0.00361757
54 0
55 1.66976
56 0
57 0.00657689
58 0.0044246
59 0
60 0
61 0.00434147
62 0.00589306
63 0.0063142
64 0.0042367
65 0
66 0
67 0.00575062
68 0.00795459
69 0.00377259
70 0.00449986
71 0
72 0.00525578
73 0
74 0
75 0.00329512
76 0
77 0.00811367
78 0.00513277
79 0
80 0
81 0.005868
82 0.0072133
83 0.00411091
84 0
85 0
86 0.00540151
87 0.00609899
88 0
89 0.00361611
90 0.00803341
91 0.00431481
92 0.00386502
93 0
94 0.00731776
95 0.00714404
96 0.00682537
97 0.00355801
98 0.00592503
99 0
