0 0.0600407
1 0.00329186
2 0
3 0.0045743
4 0.00588009
5 0.007488
6 0.00763926
7 0.00430647
8 0
9 0
10 0
11 0.00336082
12 0.0157512
13 0.00538893
14 0.00497764
15 0.00654587
16 0.0036851
17 0.00288838
18 0.00393497
19 0.00668761
20 0.00441507
21 0
22 0
23 0.00501987
24 0
25 0.00708422
26 0
27 0.00707419
28 0
29 0.00724017
30 0
31 0
32 0.00519848
33 0.00698868
34 0.00615055
35 0.0138172
36 0.00502092
37 0.00661635
38 0.00841045
39 0.00681566
40 0.00408627
41 0.00467599
42 0.00751849
43 0.0082595
44 0
45 0.0478592
46 0
47 0.00597488
48 0.168477
49 0
50 0
51 0
52 0
53 0.00287728
54 0.00495545
55 0.00438628
56 0.0108846
57 0.00675504
58 0.00182845
59 0.00634269
60 0.000616584
61 0.00618674
62 0.00699783
63 0.00403888
64 0.00715379
65 0.00492295
66 0
67 0
68 0.0079984
69 0
70 0.0065969
71 0.00632163
72 0.00392136
73 0.0282031
74 0.00703159
75 0
76 0.00358186
77 0.135045
78 0
79 0.00499665
80 0.0077058
81 0.00512162
82 0
83 0
84 0.00179569
85 0.00517575
86 0.0596658
87 0.00530293
88 0.00573278
89 0.00357636
90 0
91 0
92 0.00697143
93 0.00616126
94 0.00461718
95 0.00723125
96 0.0195301
97 0.00599283
98 0
99 0.00467488
